13
13
28,14,37,5,49,12,33,6,21,45,3,19,8
3,11,25,19,7,29,17,23,9,27,15,5,13
139.4,140.1,139.8,140.5,139.2,140.9,139.6,140.3,139.0,140.7,138.8,140.4,138.5
44.3,35.9,24.8,52.7,47.6,64.1,31.2,59.5,22.6,53.4,26.7,42.9,21.5
31.4,61.2,49.7,58.3,25.1,45.9,22.6,37.8,56.2,64.7,20.5,54.9,29.3
52.7,30.5,41.8,63.2,26.9,48.1,35.2,20.9,55.3,46.6,60.7,23.4,37.6
49.2,64.8,28.4,57.3,32.7,21.6,43.9,53.5,62.1,24.6,36.8,50.3,65.7
22.5,61.8,37.2,56.5,25.9,54.1,48.7,33.4,64.6,20.3,43.8,30.1,59.2
58.3,32.7,20.6,50.9,64.1,45.3,37.8,22.1,52.4,31.6,60.2,42.7,26.5
30.2,58.7,43.1,26.8,61.4,21.7,34.6,50.5,64.9,39.2,56.3,23.8,47.5
56.7,24.9,40.3,65.1,31.7,52.6,21.4,45.2,63.8,37.6,59.3,22.5,48.1
32.3,54.6,21.2,47.8,61.9,36.1,59.7,27.5,50.3,64.2,42.8,20.4,57.8
62.5,48.2,30.6,55.7,20.8,40.5,67.0,34.9,23.3,43.7,58.6,26.2,50.1
44.1,20.7,59.6,37.5,66.0,52.8,31.3,56.4,23.9,41.7,64.8,28.6,49.4
29.7,57.1,22.8,46.2,65.6,38.4,51.9,20.3,43.5,62.8,33.6,59.2,26.5
53.2,32.8,20.4,42.7,63.1,36.5,60.8,27.4,48.5,66.2,23.9,56.7,39.1